id,vc,lc,dc,fc,cc
1,128238,170,7,0,7
2,155561,135,14,0,74
3,2532,7,2,0,1
4,6827,9,1,0,0
5,330807,374,16,0,121
6,145729,227,14,0,30
7,104105,239,16,0,46
8,688784,673,52,0,202
9,67426,90,3,0,14
10,24277,66,3,0,6
11,3570,5,1,0,0
12,121998,75,5,0,6
13,28129,73,8,0,11
14,12717,49,6,0,18
15,8322,45,1,0,0
16,250904,599,22,0,95
17,155195,168,21,0,34
18,7890,20,2,0,0
19,7176,10,1,0,2
20,29170,26,1,0,7
21,46379,84,8,0,5
22,22966,49,1,0,0
23,220033,180,13,0,101
24,12407,17,1,0,1
25,3008,12,0,0,1
26,5530,24,1,0,0
27,10953,27,2,0,1
28,1900,14,0,0,3
29,15397,79,4,0,6
30,197519,181,27,0,63
31,149818,181,15,0,37
32,10325,11,3,0,0
33,7864,42,0,0,2
34,8033,16,2,0,3
35,34802,41,5,0,4
36,61376,120,7,0,2
37,85899,97,4,0,21
38,33635,73,5,0,6
39,30231,85,4,0,2
40,470026,914,30,0,69
41,3592,13,0,0,2
42,1907,16,0,0,0
43,247063,361,21,0,52
44,166620,616,19,0,114
45,61798,59,9,0,4
46,25061,37,0,0,23
47,58330,140,7,0,15
48,32369,102,7,0,36
49,11243,29,6,0,3
50,2506,6,0,0,1
51,36639,45,1,0,6
52,136999,250,46,0,14
53,23046,44,2,0,2
54,5430,19,0,0,8
55,9085,2,1,0,1
56,2258,6,0,0,0
57,17188,436,1,0,40
58,32191,30,5,0,6
59,19710,119,7,0,21
60,2362,4,3,0,0
61,2769,14,0,0,3
62,39502,62,4,0,7
63,4206,9,3,0,0
64,110929,174,18,0,4
65,69054,121,10,0,0
66,52594,146,3,0,13
67,93968,144,13,0,18
68,49953,85,7,0,16
69,432729,674,72,0,30
70,99357,141,28,0,9
71,118016,214,8,0,77
72,231433,161,15,0,53
73,24246,47,4,0,6
74,12251,48,0,0,3
75,776778,1571,107,0,103
76,5073,24,0,0,0
77,306373,634,27,0,139
78,5204,15,1,0,2
79,2609,13,0,0,1
80,749187,971,45,0,43
81,13966,59,2,0,2
82,190393,250,6,0,25
83,3543,17,0,0,7
84,136012,327,16,0,47
85,46117,244,0,0,3
86,64087,140,7,0,6
87,2105,6,0,0,1
88,8642,19,1,0,6
89,40761,93,13,0,44
90,127034,234,20,0,24
91,27073,46,2,0,3
92,51607,55,6,0,7
93,48506,76,13,0,1
94,470129,92,20,0,22
95,141274,66,9,0,38
96,181534,767,19,0,9
97,11326,22,1,0,0
98,19236,176,2,0,16
99,18338,29,2,0,10
100,64929,59,7,0,12
101,117098,136,10,0,48
102,86103,70,3,0,21
103,3745,11,0,0,2
104,17885,19,0,0,3
105,124804,325,25,0,53
106,24269,84,2,0,6
107,54485,249,5,0,20
108,12269,94,2,0,8
109,26290,32,7,0,7
110,35559,17,8,0,0
111,36788,182,8,0,16
112,118743,95,13,0,8
113,143369,487,23,0,11
114,36210,35,8,0,7
115,109972,519,12,0,23
116,4940,23,0,0,0
117,1747,4,0,0,0
118,6261,16,0,0,0
119,351921,635,48,0,84
120,30872,16,0,0,3
121,73689,47,6,0,8
122,56114,141,16,0,16
123,3780,47,0,0,2
124,101115,164,10,0,7
125,90071,112,10,0,18
126,5373,22,1,0,1
127,71769,111,3,0,34
128,5505,15,1,0,1
129,562081,684,30,0,183
130,15752,74,2,0,8
131,20245,29,3,0,1
132,24775,95,5,0,16
133,11767,27,1,0,0
134,87037,118,4,0,21
135,21685,60,4,0,4
136,3515,12,0,0,0
137,37764,43,2,0,1
138,147322,145,9,0,16
139,27880,47,7,0,7
140,258521,559,32,0,48
141,62848,131,8,0,19
142,85266,124,9,0,17
143,599678,583,66,0,111
144,2616,14,1,0,0
145,180813,167,24,0,25
146,177795,253,12,0,63
147,3478,6,0,0,1
148,12877,56,3,0,7
149,46877,183,11,0,32
150,14750,237,1,0,11
151,14257,23,3,0,4
152,1101,13,1,0,0
153,4396,32,1,0,3
154,4252,13,2,0,0
155,5677,34,4,1,4
156,3146,10,0,0,3
157,37656,88,4,0,11
158,517267,593,36,0,115
159,9238,64,4,0,4
160,27253,38,2,0,2
161,382938,751,28,0,152
162,410620,492,48,0,56
163,1621,1,0,0,8
164,137743,384,29,0,40
165,24095,58,4,0,4
166,62912,55,2,0,13
167,312358,249,22,0,65
168,25311,63,2,0,37
169,6096,7,2,0,1
170,411786,142,27,0,5
171,10138,15,0,0,0
172,71117,128,6,0,8
173,9887,19,0,0,5
174,14410,17,1,0,3
175,276714,489,23,0,113
176,5832,8,0,0,0
177,82815,57,7,0,7
178,81734,269,15,0,42
179,82477,235,6,0,12
180,32681,53,3,0,10
181,64699,44,5,0,5
182,39443,36,4,0,2
183,426318,81,38,0,6
184,67374,430,13,0,9
185,18456,33,5,0,0
186,12571,16,0,0,4
187,183656,158,14,0,36
188,12248,17,2,0,0
189,15205,19,1,0,1
190,132245,157,28,0,27
191,4414,10,0,0,0
192,34256,74,6,0,1
193,2858,8,2,0,4
194,62278,74,10,0,25
195,641243,289,61,0,304
196,4830,18,2,0,3
197,14549,22,2,0,3
198,110406,215,40,0,110
199,15921,33,2,0,5
200,185868,261,44,0,45
201,10901,8,0,0,0
202,42945,102,7,0,26
203,9522,10,1,0,0
204,4996,39,1,0,7
205,12313,35,0,0,5
206,18186,45,1,0,2
207,8237,32,0,0,1
208,16128,41,2,0,2
209,62287,49,3,0,9
210,767319,252,67,0,20
211,292247,270,25,0,81
212,356958,133,19,0,29
213,13901,14,2,0,2
214,24049,13,2,0,0
215,50566,144,9,0,21
216,49469,207,8,0,14
217,72632,100,6,0,5
218,22343,13,6,0,3
219,9256,26,2,0,7
220,8715,35,3,0,2
221,25226,53,5,0,8
222,20352,41,9,0,1
223,7939,35,2,0,6
224,43662,107,10,0,6
225,703425,267,60,0,48
226,531982,760,53,0,123
227,135100,226,9,0,41
228,43582,104,5,0,27
229,1559,4,0,0,0
230,208943,162,15,0,33
231,102997,134,14,0,21
232,12030,41,2,0,3
233,5644,26,2,0,4
234,209457,320,16,0,43
235,88331,202,11,0,10
236,1822,5,0,0,3
237,15334,78,8,0,6
238,21351,87,5,0,13
239,26667,109,34,0,18
240,74697,194,7,0,36
241,1430,0,0,0,0
242,17723,41,1,0,1
243,8383,24,6,0,3
244,88900,224,7,0,27
245,10094,19,2,0,1
246,17553,16,3,0,1
247,67145,87,11,0,4
248,3058,19,2,0,0
249,676138,2447,194,0,448
250,45735,71,4,0,4
251,24281,44,2,0,0
252,60198,74,5,0,3
253,84042,74,2,0,22
254,2815,7,1,0,2
255,23883,96,5,0,11
256,79283,258,6,0,40
257,3961,8,0,0,12
258,10682,66,2,0,2
259,27745,96,13,0,15
260,99967,359,8,0,20
261,33766,128,4,0,12
262,31550,258,3,0,37
263,28804,93,4,0,1
264,343501,383,17,0,29
265,36934,188,6,0,15
266,5303,9,0,0,3
267,21257,53,6,0,10
268,145390,305,14,0,67
269,4140,5,0,0,0
270,7681,44,2,0,2
271,4410,8,0,0,1
272,54494,70,6,0,8
273,133226,139,9,0,20
274,76868,123,5,0,8
275,9313,20,1,0,8
276,56549,124,5,0,35
277,401669,206,14,0,30
278,37290,105,5,0,10
279,38379,104,5,0,8
280,9033,13,4,0,2
281,40906,91,6,0,5
282,26205,116,3,0,10
283,179013,222,17,0,6
284,8317,79,0,0,12
285,16458,25,0,0,3
286,31349,95,2,0,8
287,11475,20,1,0,5
288,41262,142,2,0,6
289,670,10,0,0,1
290,40003,68,6,0,20
291,7253,32,1,0,3
292,19323,21,1,0,3
293,12300,34,2,0,6
294,32010,92,5,0,4
295,27708,90,2,0,5
296,365961,493,49,0,61
297,112779,122,8,0,3
298,111680,140,10,0,24
299,2975,17,1,0,3
300,19528,32,2,0,9
301,2847,5,0,0,0
302,85714,63,11,0,12
303,2280,6,0,0,1
304,38197,26,2,0,6
305,13854,31,1,0,13
306,17585,49,4,0,3
307,32200,27,1,0,2
308,20906,136,2,0,14
309,5653,20,0,0,0
310,82298,227,16,0,35
311,15836,74,8,0,6
312,17534,72,14,0,13
313,31811,121,1,0,11
314,8726,24,3,0,6
315,467981,254,42,0,136
316,30018,73,8,0,6
317,3782,10,0,0,1
318,9956,10,2,0,0
319,10853,10,0,0,2
320,1919236,4786,1305,0,0
321,5496,8,0,0,3
322,105823,97,10,0,22
323,217816,422,24,0,83
324,22092,23,0,0,5
325,35579,77,6,0,5
326,47809,46,4,0,12
327,5991,20,1,0,2
328,2854,8,0,0,1
329,34155,130,5,0,18
330,142398,370,7,0,7
331,3781,1,2,0,1
332,8163,16,0,0,1
333,6922,37,1,0,6
334,11750,61,3,0,3
335,144717,189,19,0,31
336,8295,17,1,0,4
337,3503,12,0,0,0
338,79568,82,17,0,5
339,18951,103,2,0,12
340,120078,172,16,0,14
341,200,16,1,2,1
342,5421,16,1,0,1
343,17249,14,10,0,1
344,21311,44,1,0,11
345,15171,5,1,0,0
346,5036,34,1,0,7
347,258538,177,19,0,34
348,2817,12,0,0,1
349,40239,76,7,0,20
350,7867,67,3,23,5
351,23866,52,2,0,0
352,48200,131,4,0,2
353,14025,65,2,0,8
354,56160,102,8,0,23
355,35733,92,3,0,11
356,24693,148,5,0,30
357,20641,23,4,0,1
358,41604,48,3,0,4
359,20945,87,5,0,9
360,14189,55,1,0,4
361,24371,180,3,0,9
362,7328,125,1,0,17
363,20870,50,5,0,16
364,5798,39,2,0,6
365,37053,168,3,0,14
366,13509,40,0,0,1
367,1556,1,0,0,0
368,38778,78,2,0,6
369,17829,53,1,0,2
370,4576,87,1,0,10
371,27591,278,3,0,11
372,7612,33,0,0,6
373,5047,6,0,0,0
374,244300,384,23,0,108
375,75813,169,5,0,15
376,1123,1,0,0,0
377,1332932,1555,105,0,304
378,200,3,1,3,5
379,3518,12,0,0,0
380,5032,37,18,0,12
381,74201,126,3,0,20
382,5999,18,0,0,7
383,951,11,0,0,5
384,7551,9,0,0,2
385,1470,5,1,0,1
386,9200,24,1,0,1
387,12622,11,0,0,0
388,91717,84,10,0,8
389,30351,29,3,0,5
390,3085,2,0,0,0
391,17645,60,2,0,5
392,16754,70,0,0,1
393,8884,19,1,0,3
394,10071,8,1,0,4
395,46826,60,3,0,6
396,168861,243,21,0,44
397,4590,14,1,0,2
398,11710,10,0,0,0
399,3042,10,0,0,1
400,43428,127,9,0,9
401,1544079,626,194,0,29
402,4124,42,3,0,7
403,17168,62,2,0,6
404,20064,19,0,0,2
405,62810,57,4,0,7
406,88777,206,10,0,24
407,96224,86,5,0,12
408,8802,28,1,0,3
409,28236,52,3,0,2
410,12758,23,1,0,4
411,80273,33,18,0,5
412,41176,42,3,0,5
413,5625,6,0,0,0
414,8365,22,1,0,6
415,41491,40,5,0,6
416,913085,1412,38,0,179
417,10971,3,0,0,0
418,6098,15,2,0,0
419,44508,109,6,0,24
420,131354,256,8,0,16
421,3136,12,0,0,0
422,42187,58,4,0,21
423,8979,57,4,0,2
424,1286,3,0,0,0
425,173831,325,8,0,44
426,17986,48,6,0,20
427,6949,9,1,0,1
428,15689,70,1,0,1
429,5665,18,0,0,1
430,31590,63,4,0,6
431,8084,100,0,0,3
432,73556,71,2,0,14
433,481026,804,62,0,54
434,3506,13,1,0,4
435,1421,22,0,0,0
436,4277,14,1,0,2
437,10576,53,2,0,14
438,89348,166,20,0,6
439,236966,673,24,0,49
440,1764003,2169,76,0,912
441,8910,75,3,0,7
442,16429,41,0,0,2
443,1235795,1542,80,0,302
444,4820,21,3,0,2
445,4290,16,0,0,0
446,193572,293,10,0,50
447,300,100,6,9,6
448,135260,177,13,0,83
449,496968,1264,31,0,86
450,2207,12,1,0,2
451,79427,218,16,0,20
452,59019,129,9,0,18
453,1211,14,1,0,2
454,1538618,717,367,0,11
455,5626,21,1,0,6
456,38485,175,37,0,87
457,11192,11,0,0,4
458,13132,230,2,0,27
459,1247459,2460,94,0,782
460,478498,771,33,0,156
461,199129,243,24,0,36
462,15697,25,1,0,0
463,4980,9,0,0,0
464,2608,2,0,0,0
465,27799,48,2,0,5
466,134909,161,18,0,30
467,13359,17,1,0,5
468,1134,1,0,0,0
469,28649,66,2,0,5
470,5638,25,1,0,6
471,12933,28,0,0,9
472,57801,222,4,0,31
473,635322,563,78,0,58
474,84721,179,9,0,5
475,29471,30,0,0,5
476,61710,127,6,0,4
477,879118,252,98,0,25
478,31743,8,3,0,2
479,77680,61,5,0,3
480,16974,116,3,0,9
481,72842,135,7,0,17
482,47027,117,8,0,4
483,22074,181,5,0,23
484,114357,362,11,0,43
485,28626,295,6,0,9
486,48228,316,10,0,25
487,11147,6,2,0,2
488,49742,154,3,0,8
489,22858,41,1,0,4
490,46922,67,8,0,4
491,147412,158,22,0,29
492,328059,470,27,0,63
493,1275443,1975,61,0,807
494,11397,113,2,0,8
495,79889,108,3,0,26
496,37548,46,9,0,4
497,59019,56,4,0,4
498,75738,264,2,0,21
499,30744,387,9,0,11
500,73158,575,13,0,65
501,2332,6,0,0,1
502,8578,108,2,0,11
503,107165,210,18,0,28
504,164831,630,25,0,18
505,22356,119,1,0,20
506,20074,105,3,0,12
507,99739,415,11,0,34
508,7692,16,0,0,0
509,105335,231,10,0,8
510,20381,150,0,0,8
511,31826,80,9,0,5
512,37272,39,5,0,7
513,250924,883,22,0,32
514,213191,332,14,0,63
515,67588,106,7,0,7
516,147428,394,12,0,28
517,287628,328,10,0,68
518,17868,109,2,0,21
519,8851,70,2,0,14
520,54153,127,5,0,10
521,167861,361,17,0,24
522,123605,230,19,0,15
523,18443,52,3,0,9
524,440910,946,25,0,84
525,75449,382,10,0,27
526,15167,5,1,0,0
527,13442,28,1,0,3
528,23327,97,3,0,10
529,2402,9,0,0,0
530,227673,61,30,0,2
531,2950,1,0,0,2
532,69137,166,2,0,16
533,1192,8,0,0,0
534,82236,143,15,0,29
535,17384,52,0,0,9
536,39779,29,11,0,4
537,5011,13,0,0,0
538,5444,14,0,0,2
539,11971,42,2,0,0
540,6210,17,1,0,2
541,78518,380,13,0,40
542,7496,63,0,0,10
543,10484,48,0,0,1
544,68503,235,6,0,11
545,3154,20,0,0,3
546,11953,30,0,0,2
547,2870023,4019,232,0,1602
548,7176,13,0,0,0
549,374372,197,13,0,107
550,281385,202,17,0,37
551,27000,131,2,0,2
552,57624,96,3,0,16
553,5082,20,0,0,1
554,8751,43,4,0,9
555,4750,14,0,0,0
556,6373,29,0,0,3
557,3946,15,0,0,0
558,111056,210,16,0,10
559,58184,115,6,0,19
560,24601,45,1,0,7
561,40427,114,9,0,12
562,23718,54,2,0,1
563,77065,103,3,0,12
564,188898,333,15,0,30
565,160016,283,20,0,51
566,2656,11,0,0,6
567,9178,14,1,0,3
568,72031,145,6,0,23
569,41042,43,6,0,1
570,2770,7,1,0,0
571,12659,24,0,0,7
572,41231,115,1,0,2
573,4398,15,1,0,1
574,225006,608,32,0,92
575,1296,7,0,0,2
576,10869,23,0,0,2
577,12483,63,4,0,2
578,107122,112,10,0,28
579,9874,40,2,0,2
580,13412,16,3,0,1
581,670607,288,57,0,45
582,17748,46,2,0,2
583,39778,52,1,0,6
584,55406,311,11,0,14
585,25014,49,6,0,6
586,50754,179,7,0,10
587,17463,31,3,0,3
588,231160,412,14,0,26
589,6984,34,1,0,3
590,139696,79,6,0,12
591,3773,15,0,0,1
592,102253,370,23,0,25
593,9910,10,0,0,0
594,2398,4,0,0,0
595,296905,369,17,0,62
596,83789,90,4,0,44
597,1042555,490,53,0,151
598,429557,830,27,0,167
599,365487,223,25,0,148
600,130050,272,17,0,37
601,248055,489,24,0,73
602,27720,43,5,0,7
603,4612,17,0,0,2
604,12158,32,2,0,1
605,7455,9,2,0,0
606,19549,68,5,0,10
607,6515,12,0,0,0
608,14556,31,1,0,4
609,6269,15,3,0,1
610,17720,66,4,0,13
611,27629,66,3,0,11
612,151524,381,17,0,77
613,7997,16,0,0,0
614,7422,38,2,0,0
615,66799,93,8,0,6
616,81380,145,24,0,3
617,48537,43,1,0,8
618,93022,143,20,0,15
619,175033,299,19,0,28
620,112831,136,13,0,22
621,12278,82,2,0,27
622,80888,300,5,0,42
623,28464,194,17,0,33
624,4188,13,0,0,2
625,1769,7,1,0,0
626,16902,58,4,0,7
627,833341,1376,74,0,312
628,306719,2157,68,0,541
629,11557,31,2,0,1
630,10795,15,2,0,0
631,4991,10,0,0,1
632,2027,11,0,0,1
633,10575,6,0,0,1
634,1441,3,0,0,0
635,321038,162,89,0,59
636,18294,45,3,0,22
637,16571,80,2,0,5
638,10629,41,1,0,6
639,68970,276,23,0,19
640,2398,10,0,0,2
641,10616,61,0,0,1
642,1860,7,0,0,3
643,0,0,0,0,0
644,52068,88,9,0,14
645,383006,157,13,0,71
646,10,5,2,1,2
647,8804,32,2,0,3
648,25986,25,4,0,2
649,35957,113,13,0,9
650,200,15,20,2,1
651,5765,26,1,0,3
652,37226,175,17,0,21
653,16265,81,3,0,4
654,77840,41,8,0,4
655,9746,76,1,0,9
656,31503,111,1,0,29
657,2803,15,1,0,3
658,263065,404,9,0,88
659,107317,110,18,0,4
660,7928,23,0,0,5
661,17643,94,3,0,15
662,11525,36,1,0,6
663,7006,16,0,0,0
664,243315,188,56,0,27
665,7071,11,0,0,1
666,138684,633,46,0,18
667,14653,10,2,0,3
668,2924,13,1,0,1
669,3528,11,1,0,0
670,30040,20,19,0,6
671,5945,34,1,0,5
672,3282,12,0,0,1
673,606983,242,28,0,66
674,337624,299,39,0,25
675,24411,35,18,0,12
676,93755,76,7,0,24
677,27626,216,3,0,3
678,10012,52,4,0,6
679,3577,3,14,0,0
680,20890,32,4,0,0
681,668187,692,70,0,115
682,3598,29,1,0,5
683,24503,48,3,0,0
684,200,5,1,2,1
685,20049,33,6,0,1
686,33,0,0,0,0
687,94221,160,14,0,25
688,14620,368,0,0,14
689,284900,235,28,0,53
690,17431,225,6,0,7
691,37683,33,0,0,35
692,25575,91,2,0,42
693,63785,213,7,0,16
694,47069,76,7,0,6
695,88535,107,9,0,5
696,2209,8,1,0,0
697,150927,72,19,0,13
698,2781873,1076,133,0,121
699,250141,199,10,0,60
700,1507,0,0,0,0
701,14974,14,0,0,1
702,69765,43,6,0,6
703,3028645,1932,749,0,156
704,18351,13,5,0,1
705,35126,129,9,0,20
706,68857,153,6,0,16
707,4509,11,1,0,4
708,35944,56,4,0,13
709,134174,107,48,0,1
710,10196,17,0,0,0
711,125432,356,15,0,39
712,5498,8,0,0,8
713,9743,54,2,0,5
714,28946,22,6,0,2
715,1257,0,0,0,1
716,9565,74,4,0,9
717,5466,7,0,0,7
718,15753,87,13,0,10
719,3412,41,0,0,2
720,93796,215,8,0,12
721,107882,350,9,0,13
722,8454,11,0,0,1
723,17807,34,6,0,3
724,147424,250,9,0,50
725,2175,10,0,0,1
726,13008,41,2,0,3
727,56213,76,6,0,16
728,135258,84,4,0,24
729,391796,347,55,0,44
730,125741,591,9,0,72
731,4944,30,2,0,0
732,43105,35,17,0,6
733,6155,17,2,0,2
734,3411,9,1,0,2
735,89385,114,13,0,35
736,7087,16,0,0,1
737,75139,63,12,0,13
738,21910,111,3,0,20
739,104021,50,18,0,0
740,185510,122,18,0,58
741,2514,4,2,0,0
742,58411,65,14,0,11
743,5606,21,0,0,2
744,70966,319,11,0,42
745,5807,13,0,0,1
746,10491,17,0,0,5
747,1941,11,3,0,2
748,84639,196,4,0,42
749,27129,52,2,0,1
750,2729,12,1,0,0
751,3973,12,0,0,0
752,40542,425,17,0,12
753,1316,12,0,0,2
754,18976,56,1,0,4
755,9263,8,1,0,4
756,114296,246,21,0,26
757,2315,12,2,0,1
758,15179,20,0,0,1
759,49836,20,3,0,5
760,48481,29,3,0,0
761,70364,130,27,0,17
762,11137,5,1,0,1
763,86408,110,23,0,14
764,1262,23,1,0,3
765,8110,33,4,0,8
766,35618,40,1,0,5
767,132608,399,24,0,12
768,1125,1,0,0,0
769,52913,48,17,0,16
770,4669,15,6,0,3
771,6839,17,1,0,4
772,4097,12,0,0,2
773,2832,9,0,0,1
774,135704,102,15,0,10
775,4568,12,23,0,2
776,156923,78,13,0,29
777,548180,380,86,0,45
778,12115,36,0,0,0
779,70718,175,9,0,9
780,15229,69,2,0,32
781,49854,73,4,0,9
782,23171,106,3,0,40
783,3484,8,1,0,1
784,79962,124,6,0,15
785,36144,51,12,0,17
786,17052,204,5,0,12
787,37120,181,3,0,21
788,161107,50,34,0,49
789,57443,235,18,0,29
790,134231,242,12,0,5
791,311171,377,75,0,151
792,43154,81,4,0,9
793,7824,25,1,0,2
794,31940,113,1,0,21
795,3377,10,2,0,1
796,56946,137,14,0,19
797,96844,91,6,0,9
798,132592,202,13,0,30
799,90533,220,14,0,88
800,3283,10,7,0,2
801,76273,116,25,0,61
802,22513,53,7,0,6
803,9823,15,0,0,1
804,6600,50,1,0,3
805,34145,19,9,0,6
806,13326,28,0,0,20
807,106018,247,6,0,17
808,193023,505,677,0,45
809,1480,6,1,0,0
810,11236,21,0,0,1
811,16930,4,8,0,0
812,14023,14,1,0,3
813,40357,206,8,0,6
814,1920,8,0,0,1
815,3323,25,1,0,3
816,9466,21,0,0,6
817,237425,443,76,0,42
818,4744,10,1,0,5
819,4720,5,1,0,2
820,757439,1419,144,0,208
821,5710,32,1,0,13
822,12170,35,3,0,5
823,15016,80,1,0,11
824,3766,35,0,0,0
825,8341,58,1,0,5
826,430413,317,680,0,247
827,7794,32,1,0,7
828,26282,32,7,0,1
829,2426,13,0,0,4
830,7306,17,3,0,2
831,4713,38,1,0,0
832,47523,124,9,0,3
833,15513,52,5,0,3
834,44589,65,5,0,15
835,1589,6,0,0,1
836,117525,279,53,0,40
837,200,20,10,5,6
838,23317,40,1,0,7
839,300,40,3,5,8
840,33370,84,0,0,8
841,9159,13,1,0,1
842,5320,16,1,0,0
843,101901,212,14,0,6
844,1455,2,0,0,1
845,256761,396,30,0,64
846,6247,16,0,0,0
847,2719032,1484,543,0,88
848,4908,4,1,0,0
849,112860,161,6,0,40
850,633737,787,69,0,44
851,8317,21,4,0,4
852,46770,122,9,0,7
853,203157,1353,41,0,198
854,23988,165,2,0,8
855,34663,242,3,0,14
856,1211,6,0,0,0
857,252704,1345,25,0,48
858,118291,1065,16,0,37
859,400,10,4,6,7
860,73721,343,3,0,23
861,68917,286,7,0,20
862,26503,136,4,0,4
863,75793,559,5,0,26
864,80426,365,6,0,19
865,197877,579,36,0,67
866,24565,36,4,0,5
867,2321,11,1,0,1
868,8137,18,2,0,2
869,5086,38,2,0,3
870,4626,24,2,0,7
871,300,20,2,3,4
872,50309,67,2,0,13
873,49773,41,4,0,9
874,3059,27,0,0,0
875,33303,125,2,0,7
876,24046,365,6,0,53
877,977991,1754,160,0,393
878,120245,93,9,0,7
879,14856,10,0,0,1
880,5197,24,0,0,4
881,1547,9,0,0,0
882,48246,205,9,0,53
883,4070,38,1,0,3
884,578881,215,31,0,16
885,65784,82,7,0,6
886,14013,27,1,0,4
887,29305,24,2,0,5
888,68574,101,13,0,43
889,780959,108,175,0,94
890,36805,51,1,0,3
891,39971,37,4,0,12
892,183921,466,8,0,22
893,76893,170,12,0,49
894,297267,141,11,0,22
895,54022,254,14,0,53
896,21379,34,0,0,7
897,13201,24,2,0,3
898,401875,1175,80,0,236
899,27293,121,0,0,30
900,6290,46,1,0,8
901,9584,17,2,0,7
902,6034,10,0,0,5
903,74792,80,4,0,5
904,1043,7,1,0,1
905,172036,287,10,0,7
906,350910,403,44,0,96
907,110768,205,23,0,27
908,69705,74,23,0,10
909,113080,112,138,0,71
910,84095,58,14,0,36
911,19386,69,3,0,25
912,8592,10,0,0,0
913,9223,14,0,0,1
914,2908,8,1,0,0
915,1290,3,1,0,0
916,179232,251,13,0,53
917,1467,3,1,0,0
918,45221,182,8,0,27
919,140810,150,7,0,10
920,100979,72,7,0,16
921,43278,57,4,0,16
922,3656,8,1,0,0
923,184403,342,20,0,127
924,26869,216,9,0,22
925,5195,13,1,0,0
926,9905,35,0,0,2
927,79510,71,17,0,18
928,44069,107,2,0,9
929,25447,40,5,0,3
930,22036,18,16,0,5
931,94459,442,8,0,55
932,2291,49,1,0,1
933,39333,548,9,0,57
934,16937,53,6,0,7
935,57,0,0,0,0
936,10809,43,1,0,1
937,2583,8,0,0,2
938,86617,394,26,0,75
939,57066,407,2,0,25
940,139233,567,19,0,49
941,198780,151,14,0,11
942,18312,19,0,0,1
943,210782,392,20,0,54
944,2287,4,0,0,0
945,22774,79,11,0,9
946,273739,279,26,0,21
947,1927,15,1,0,4
948,17797,21,7,0,6
949,574684,485,95,0,61
950,4908,29,1,0,0
951,87000,197,16,0,3
952,8688,33,2,0,3
953,10722,25,2,0,0
954,183782,208,29,0,18
955,206960,175,6,0,6
956,120690,79,27,0,19
957,264553,717,7,0,10
958,7357,14,0,0,5
959,1476,5,0,0,2
960,8801,24,10,0,7
961,56556,230,5,0,31
962,307394,77,50,0,35
963,120576,257,36,0,98
964,84606,366,2,0,16
965,9532,14,0,0,1
966,44185,47,7,0,8
967,44639,113,8,0,1
968,16696,23,3,0,2
969,11211,13,1,0,0
970,18090,21,2,0,0
971,184276,123,18,0,40
972,3504,3,2,0,3
973,55513,70,9,0,4
974,20108,86,0,0,5
975,64044,115,15,0,27
976,65377,112,3,0,17
977,47772,125,6,0,17
978,16008,42,4,0,0
979,2579,9,0,0,3
980,41867,234,8,0,28
981,11402,101,1,0,10
982,92953,190,22,0,10
983,106555,182,25,0,32
984,17813,84,2,0,25
985,17013,35,4,0,4
986,41151,40,1,0,7
987,37418,50,1,0,6
988,4710,29,0,0,1
989,49984,169,10,0,4
990,3115,17,2,0,2
991,50,3,2,1,2
992,3258,3,2,0,0
993,145372,164,38,0,7
994,461309,1434,37,0,152
995,200,10,2,3,1
996,252661,1080,32,0,111
997,5887,19,2,0,0
998,5755,10,1,0,0
999,6635,19,1,0,0
1000,27204,10,4,0,2